permutation: [154 225 121 160 193 272 282 139 254 135 203  57 111 207   2  29 276 188
 240 275 137 262 190 279 182 265  25 258 109 271  72 217 222  97  67 263
 155 220 118 142 223 208 132  84 191 252 119 210 180 171 161  21 101  28
 256 244 162 128 253 178 219 251  49 267 110 147 166 102 183 176  78  24
 241 122  34 255  68  33  38 100 103 264  20 165  12  73  60  85  16 124
  91  96  44 230 126 257 151 214  87 286 152  19 157 237 242 107 231 198
 281 239  39 131  65 280 138 172 266 199  31 113 221 196 185  54  22  90
   5 179 112  50  14  23 206 134 194 150 186   4 229 243 146 269  75  26
  52 123 213  43  86  64 235  45 246 187 115 145  98  59 159  74  81  79
 184 245 148 133 106  89  10 195  55  41 170  56 164  71  99  46 226 284
  11  47 200 136 156 248 189 129  76  93 127 163 116   6 158 197 283 260
 228   3 278   1 205 173  48  83   9 153 204 167  51   8 181  92 238  66
  95 149 268  61 287  18  62  15 209 114  63  30 270 218 125  35 175 105
 120  53 273 140 177  36  77 143 117 227  42 259  40  27 104 215  70  17
 201 249 250 236  37 224 202 232 192 212  88 141  80 274 261 216 168 247
  32 130 277  82 174 169  58  13 211 234 233  69 144   7 108   0 285  94]
K=10
[  0   1   2   3   4   5   6   7   8   9  10  11  12  13  14  15  16  17
  18  19  20  21  22  23  24  25  26  27  28  29  30  31  32  33  34  35
  36  37  38  39  40  41  42  43  44  45  46  47  48  49  50  51  52  53
  54  55  59  57  58  56  60  61  62  63  64  65  66  67  68  69  70  71
  72  73  74  75  76  77  78  79  80  81  82  83  84  85  86  87  88  89
  90  91  92  93  94  95  96  97  98  99 100 101 102 103 104 105 106 107
 108 109 110 111 112 113 114 115 116 117 118 119 120 121 122 123 124 125
 126 127 128 129 130 131 132 133 134 135 136 137 138 139 140 141 142 143
 144 145 146 147 148 149 150 151 152 153 154 155 156 157 158 159 160 161
 162 163 164 165 166 167 168 169 170 171 172 173 174 175 176 177 178 179
 180 181 182 183 184 185 186 187 188 189 190 191 192 193 194 195 196 197
 198 199 200 201 202 203 204 205 206 207 208 209 210 211 212 213 214 215
 216 217 218 219 220 221 222 223 224 225 226 227 228 229 230 231 232 233
 234 235 236 237 238 239 240 241 242 243 244 245 246 247 248 249 250 251
 252 253 254 255 256 257 258 259 260 261 262 263 264 265 266 267 268 269
 270 271 272 273 274 275 276 277 278 279 280 281 282 283 284 285 286 287]
MX.shape = (132, 288)
PUNCTMATX.shape = (132, 278)
PUNCTSTABX.shape = (122, 278)
PUNCTLOGX.shape = (10, 278)
PUNCTSTABZ.shape = (221, 278)
KERZ.shape = (231, 278)
KERX.shape = (57, 278)
REALLOGX len = 10
PUNCTLOGZ len = 10
Low weight logical of weight: 4
gamma = 2.3985064889180725
permutation: [ 22 274  81  58  60 183 179 166 116 117 239  99 155 149 132 200 123  90
 100 105 279 133  25  30  55 233  87  41 156   8  76  74 129 127   3 208
 214  69 210   0 195  19 268 226 220 280 255 152 135  92 160 177  39 199
  98 253 112   4 190  68 167  43 188  57  83 104 278  21 118 181 264 241
  33  40 265 161 146  79  37  82 223 227 189 213 108  94 192   1 251  27
 153 130  28 206 240  20 144  11 228 169 140 285 216 176  52 168 286  59
  45  86  24  64  42 261 128  14 164 256 139 137  61  36 272 151  23  46
 258 107  96 201 209 109 159 254 235  35 122  34 193 196 232  88 205  31
 250 136  80  70  51 270   2 218 230 282 138  56 281   6  38  78 212 172
 131 273 110  10  75 141 157 158  65 197 191 231  32 173  91  17 143  54
 163  71  26 271 114  44 248 111 170 242 221 252 202  15 249  13 259 262
 269 145 180 237 194 187 142 113 217 277  93 124   5 257 245  53 147  77
 215 266  50 119  16 287 150 211 174  73 263  72  97 276 125 283  95 275
  67  49  62 148 246  85  29 284  12 244  18   7 184 171 126 238 165   9
 198  89 204 267  84 101 260 243 103 234 120 134  48 236 203  63 102 186
 178 224 182 175 162 115 247  66 219 229 121 225 207 106 154 222  47 185]
K=10
[  0   1   2   3   4   5   6   7   8   9  10  11  12  13  14  15  16  17
  18  19  20  21  22  23  24  25  26  27  28  29  30  31  32  33  34  35
  36  37  38  39  40  41  42  43  44  45  46  47  48  49  51  52  53  55
  56  57  60  50  58  59  54  61  62  63  64  65  66  67  68  69  70  71
  72  73  74  75  76  77  78  79  80  81  82  83  84  85  86  87  88  89
  90  91  92  93  94  95  96  97  98  99 100 101 102 103 104 105 106 107
 108 109 110 111 112 113 114 115 116 117 118 119 120 121 122 123 124 125
 126 127 128 129 130 131 132 133 134 135 136 137 138 139 140 141 142 143
 144 145 146 147 148 149 150 151 152 153 154 155 156 157 158 159 160 161
 162 163 164 165 166 167 168 169 170 171 172 173 174 175 176 177 178 179
 180 181 182 183 184 185 186 187 188 189 190 191 192 193 194 195 196 197
 198 199 200 201 202 203 204 205 206 207 208 209 210 211 212 213 214 215
 216 217 218 219 220 221 222 223 224 225 226 227 228 229 230 231 232 233
 234 235 236 237 238 239 240 241 242 243 244 245 246 247 248 249 250 251
 252 253 254 255 256 257 258 259 260 261 262 263 264 265 266 267 268 269
 270 271 272 273 274 275 276 277 278 279 280 281 282 283 284 285 286 287]
MX.shape = (132, 288)
PUNCTMATX.shape = (132, 278)
PUNCTSTABX.shape = (122, 278)
PUNCTLOGX.shape = (10, 278)
PUNCTSTABZ.shape = (221, 278)
KERZ.shape = (231, 278)
KERX.shape = (57, 278)
REALLOGX len = 10
PUNCTLOGZ len = 10
Low weight logical of weight: 5
gamma = 2.065961038327869
permutation: [116 260  73 234 257  88  29 117  86 213 187 218 233 235  47 194 220 221
  62  75   6 284   9 191 181 164  50  24 207  87 273 144  42  53  82 203
  45  77 265 224 119  67 148 255 111  33 154  94 244  59 173 185 276 161
 104 212  16  71 281 163 184 159 246 272   1 229 153 171 250 109 198 143
 146 123  30 237  46  49  43  28 199 108 101 251 266 149  34  35 113 126
  81 107 105 136 211  85  99 217  79 134  95 245   8  91  11  72 252  57
   3 125 157 236  80 156 202 259 263  90  69 170 219 275  18 190  66 121
 103  38 131 231 204  19 160  65 206 268 269 209 197 200  56 205  60   4
  37 195 283 223 192 175  61 137  84  13 120 174 232 167 165 247 176  78
  10 133 186 168  54 122  31 158  12 225   5  76 215 127 210  68  83  55
 258 253 227  39 128  89  20 180 208  58 132 216 242 129 189 130 152 139
 256 261 238  23 193 183  41 178 124  97 280 267 287   0 196 222 179 239
 150 162  96 249  52  15 177 151 241 277  92   7 188 114 248  32  93  48
  70 226 243 110 240 230 201  40  25 135  22 264  26 285 274 172  63 182
 138  14 145 102 286  64 278  21  27 169 254  51 228  17 270 214 271 115
 118  98 282  74 262 155   2 166 100 142 141 147 140 112 279  36 106  44]
K=11
[  0   1   2   3   4   5   6   7   8   9  10  11  12  13  14  15  16  17
  18  19  20  21  22  23  24  25  26  27  28  29  30  31  32  33  34  35
  36  37  38  39  40  41  42  43  44  45  46  47  48  49  50  52  53  54
  56  57  59  55  58  51  60  61  62  63  64  65  66  67  68  69  70  71
  72  73  74  75  76  77  78  79  80  81  82  83  84  85  86  87  88  89
  90  91  92  93  94  95  96  97  98  99 100 101 102 103 104 105 106 107
 108 109 110 111 112 113 114 115 116 117 118 119 120 121 122 123 124 125
 126 127 128 129 130 131 132 133 134 135 136 137 138 139 140 141 142 143
 144 145 146 147 148 149 150 151 152 153 154 155 156 157 158 159 160 161
 162 163 164 165 166 167 168 169 170 171 172 173 174 175 176 177 178 179
 180 181 182 183 184 185 186 187 188 189 190 191 192 193 194 195 196 197
 198 199 200 201 202 203 204 205 206 207 208 209 210 211 212 213 214 215
 216 217 218 219 220 221 222 223 224 225 226 227 228 229 230 231 232 233
 234 235 236 237 238 239 240 241 242 243 244 245 246 247 248 249 250 251
 252 253 254 255 256 257 258 259 260 261 262 263 264 265 266 267 268 269
 270 271 272 273 274 275 276 277 278 279 280 281 282 283 284 285 286 287]
MX.shape = (132, 288)
PUNCTMATX.shape = (132, 277)
PUNCTSTABX.shape = (121, 277)
PUNCTLOGX.shape = (11, 277)
PUNCTSTABZ.shape = (220, 277)
KERZ.shape = (231, 277)
KERX.shape = (57, 277)
REALLOGX len = 11
PUNCTLOGZ len = 11
Low weight logical of weight: 5
gamma = 2.004502446764043
permutation: [264 122 176 286 173  86 219 103 205 227  21 255 180 126 213  48  51 190
 114 184 269  11 203  10  38 263 183  90 231 214 279  91 260  44 167  58
  47  59 247 281  77 241 211  93  62 164 136  99  70 118 102 198 240 120
 168 125  60  23 147 276  54 238 156  63   2 141  31  15  39  69 250 150
 244 154  35  80 193  55  25 133  67   7  87 109  46 144  75 265 258   5
 157 105  33  29 149 232 166 222 172  50 208  37  34 107 271  78 143 283
 187  26 204 146  76 169  95 287 233 267 163 223 195  52  68  43  14 202
  30  84  22 197   6   0  96  79 243  18 129 217  89 226 253  73 245 124
 252  36 228 132  98 273 104 130 249  24 158 234 137 165 178 277   1  42
  72 285 112 191 121 152 170 220 171 116 135  97 248 257 153 218  61 142
 181  94  41 110  45 221 177 242 108 272 179  57 209 185 175 206 134  71
 266 215 194 225  28  65  12 159 237 128 148 246 182 174 210 274 199   4
 100  53 192 123 212 145 270 188 101 229 155 251  66 162 186 230 224 235
  64 201  82 216 261 151 236 262  81   3  56  40 275  83 268 139   9 140
  32  17  27 239 284 196  85  88 111 138 207 256 113 282 131   8 117 278
 119 254  16  13  92  19 160 280 106  20 259  49 189 200 161 127 115  74]
K=12
[  0   1   2   3   4   5   6   7   8   9  10  11  12  13  14  15  16  17
  18  19  20  21  22  23  24  25  26  27  28  29  30  31  32  33  34  35
  36  37  38  39  40  41  42  43  44  45  46  47  48  49  50  51  52  53
  54  55  56  57  58  59  60  61  62  63  64  65  66  67  68  69  70  71
  72  73  74  75  76  77  78  79  80  81  82  83  84  85  86  87  88  89
  90  91  92  93  94  95  96  97  98  99 100 101 102 103 104 105 106 107
 108 109 110 111 112 113 114 115 116 117 118 119 120 121 122 123 124 125
 126 127 128 129 130 131 132 133 134 135 136 137 138 139 140 141 142 143
 144 145 146 147 148 149 150 151 152 153 154 155 156 157 158 159 160 161
 162 163 164 165 166 167 168 169 170 171 172 173 174 175 176 177 178 179
 180 181 182 183 184 185 186 187 188 189 190 191 192 193 194 195 196 197
 198 199 200 201 202 203 204 205 206 207 208 209 210 211 212 213 214 215
 216 217 218 219 220 221 222 223 224 225 226 227 228 229 230 231 232 233
 234 235 236 237 238 239 240 241 242 243 244 245 246 247 248 249 250 251
 252 253 254 255 256 257 258 259 260 261 262 263 264 265 266 267 268 269
 270 271 272 273 274 275 276 277 278 279 280 281 282 283 284 285 286 287]
MX.shape = (132, 288)
PUNCTMATX.shape = (132, 276)
PUNCTSTABX.shape = (120, 276)
PUNCTLOGX.shape = (12, 276)
PUNCTSTABZ.shape = (219, 276)
KERZ.shape = (231, 276)
KERX.shape = (57, 276)
REALLOGX len = 12
PUNCTLOGZ len = 12
Low weight logical of weight: 5
gamma = 1.9481920934663797
permutation: [231 218  46  39 271 185 280 251 106  95  54  70  86 108  40 129 153 226
 158  44 268 214 146 191 286 211 225 105 279 217  41 170 125  14 274  10
   1 245 263  34 121 151 118   3   0 124  75 267 260  31 111 148 202 161
  82 166 252 269 259  24  97 282 100 156  74 258  85 253 200  71  21 147
 277 139 199  37 130  78 190 204  35  88  83 141  15  30   8 178 152 270
  63 198 183  13   4  19  57 227   7 160 248  22 197  89 255 232 165  68
  76 186  17 240 209 115  42 264   2 233 243  12 275 175 246  79 172 168
  43 117 144 223 213  36 171  64 157  90 131 189 210 230  32 122 101 123
 250 169  96 195  52 236 208 206 145  77 249  53  93 254 284 136 179 103
  55 127 164 228 133 203 162  81 220 261 120 281  27 137  73 247 276  84
  48  47 128 235 285  60 112  23 119 234 116  56 262  67 113 154 192 143
  49  11 149 257 182 188  66 138 229 110 104 174  98  18  25 181 142 205
 207 278  50  80  94 212  72 241 177 221  91   6 187 135 201 273  28 102
  92  45  26 215  16  38 287 126 224 140 176 155  20 167 244 184 219  51
 180 238 107 194  61  99  87  29  69   9 256 163 134  33 109 283 159 265
 150 266 242 132  62 239 237  59 222 196  58   5 193 216 173  65 272 114]
K=13
[  0   1   2   3   4   5   6   7   8   9  10  11  12  13  14  15  16  17
  18  19  20  21  22  23  24  25  26  27  28  29  30  31  32  33  34  35
  36  37  38  39  40  41  42  43  44  45  46  47  48  49  50  51  52  53
  54  56  57  55  58  59  60  61  62  63  64  65  66  67  68  69  70  71
  72  73  74  75  76  77  78  79  80  81  82  83  84  85  86  87  88  89
  90  91  92  93  94  95  96  97  98  99 100 101 102 103 104 105 106 107
 108 109 110 111 112 113 114 115 116 117 118 119 120 121 122 123 124 125
 126 127 128 129 130 131 132 133 134 135 136 137 138 139 140 141 142 143
 144 145 146 147 148 149 150 151 152 153 154 155 156 157 158 159 160 161
 162 163 164 165 166 167 168 169 170 171 172 173 174 175 176 177 178 179
 180 181 182 183 184 185 186 187 188 189 190 191 192 193 194 195 196 197
 198 199 200 201 202 203 204 205 206 207 208 209 210 211 212 213 214 215
 216 217 218 219 220 221 222 223 224 225 226 227 228 229 230 231 232 233
 234 235 236 237 238 239 240 241 242 243 244 245 246 247 248 249 250 251
 252 253 254 255 256 257 258 259 260 261 262 263 264 265 266 267 268 269
 270 271 272 273 274 275 276 277 278 279 280 281 282 283 284 285 286 287]
MX.shape = (132, 288)
PUNCTMATX.shape = (132, 275)
PUNCTSTABX.shape = (119, 275)
PUNCTLOGX.shape = (13, 275)
PUNCTSTABZ.shape = (218, 275)
KERZ.shape = (231, 275)
KERX.shape = (57, 275)
REALLOGX len = 13
PUNCTLOGZ len = 13
Low weight logical of weight: 5
gamma = 1.896203461237896
permutation: [219  89  90 256  96 281  86 164 268 224 271  67  59 146 154 211 183   5
 241 102 216 225 244 193 234 278 196 242  25  23  93  91  66 128 253  81
 109 207  97 240 153 227  35 222 204 127 157 189  22  88  76  55   6  87
 250  68 280 215  82  15  21 139 260  31 162  30 142 137   4 104 156 282
 136 191  69 152  32 257 160 214 238 249 120 169 130 261 197 110   2  80
  52  70 173 262  33 124 129 287 131 248 140 254 182  78 269  26  72 113
  10 170 279 194  14  50  60 247 252  12 218 270 235 203 209 202  49 186
 258  34 190 229  56 223 185  51  42 243   7  75 232 181 245  94 143  85
 199 150 147 217 192   8  62 206 180 121  41 112 151 111 126  37  61 100
  92 172 144 200  63 133 230  28 212 188 284  27 171 195  36  74 106 117
   3 255 267 138 275  16 221 272  77  53  13 210 115 159 116 237  73  43
 122 174 167 158 213  44 264  18 205 168 114  24 285 161 178 101 166 148
  46 145  29 123 263  83 277  39 134  11   0 231  40 274 286 220 283 208
 177 105 236  71 119  58 163 107 265 132 259  84 276  45 246  38 201   1
 165  57 155 198   9 175  20 266 141 149  48  64  98  54 226 228 184 239
  79  99  95 103 135 118 187 176  65 251  19 233 273 179  17  47 108 125]
K=20
[  0   1   2   3   4   5   6   7   8   9  10  11  12  13  14  15  16  17
  18  19  20  21  22  23  24  25  26  27  28  29  30  31  32  33  34  35
  36  37  38  39  40  41  42  43  44  45  46  47  48  49  50  51  52  53
  54  55  56  57  58  59  60  61  62  63  64  65  66  67  68  69  70  71
  72  73  74  75  76  77  78  79  80  81  82  83  84  85  86  87  88  89
  90  91  92  93  94  95  96  97  98  99 100 101 102 103 104 105 106 107
 108 109 110 111 112 113 114 115 116 117 118 119 120 121 122 123 124 125
 126 127 128 129 130 131 132 133 134 135 136 137 138 139 140 141 142 143
 144 145 146 147 148 149 150 151 152 153 154 155 156 157 158 159 160 161
 162 163 164 165 166 167 168 169 170 171 172 173 174 175 176 177 178 179
 180 181 182 183 184 185 186 187 188 189 190 191 192 193 194 195 196 197
 198 199 200 201 202 203 204 205 206 207 208 209 210 211 212 213 214 215
 216 217 218 219 220 221 222 223 224 225 226 227 228 229 230 231 232 233
 234 235 236 237 238 239 240 241 242 243 244 245 246 247 248 249 250 251
 252 253 254 255 256 257 258 259 260 261 262 263 264 265 266 267 268 269
 270 271 272 273 274 275 276 277 278 279 280 281 282 283 284 285 286 287]
MX.shape = (132, 288)
PUNCTMATX.shape = (132, 268)
PUNCTSTABX.shape = (112, 268)
PUNCTLOGX.shape = (20, 268)
PUNCTSTABZ.shape = (211, 268)
KERZ.shape = (231, 268)
KERX.shape = (57, 268)
REALLOGX len = 20
PUNCTLOGZ len = 20
Low weight logical of weight: 4
gamma = 1.8720805477852052
permutation: [ 41 113 200 143  85 217 276  22 115  14  89 228 131  94  60 271 168 279
 155  26 169  76  59 215 254 247 150 220  47 158 188  84  12 218 221  51
 206  88 203 273  96 286  90 101 207 152  69 146 267  16 140 197 175 121
 272 209 237 107 102 160 173 214   1 199  58  36 116 176  38  21 285 103
 238 151 187  10 154 162  65  91 252  95  11 104  34 167 240 260 235  62
 139  79 253  45  49 245 239 110 142 193  30  48  19 112  57 224  77  20
  93  54  40 183  68  25 106  28 226  83  98  52 196  73  29   4 205 268
 284 182 119 270  97 259 133  72  42 277  99 159  70 283 212  80   9 210
 250 256  44 232 222  50 132 198 213  78 126 171 258 164 137 186   0 216
  31 128 194 263 287 227 195  92 265 246 201  87 191 147  75 172 114  82
 108 136  53   6 234 282 204   8  66  81 230  67   5 181 192  15 211  61
 274 149 153 129 243 255 257 144  33 244  35 125 134 242  56  17  86  55
  18 233 202 178 148 261  71 124 163 145 123  23  37  64 281 185 248 266
 262 241  43  32 184   3 179 127 111 138 208 141 100 170 225 109  63   7
 229 180 177 156  74 251 236 157  13 190 130 231 118 161 219   2 249 174
 105  24 264  46 122  39 166 189 275 280 120 165 269 278 223  27 135 117]
K=21
[  0   1   2   3   4   5   6   7   8   9  10  11  12  13  14  15  16  17
  18  19  20  21  22  23  24  25  26  27  28  29  30  31  32  33  34  35
  36  37  38  39  40  41  42  43  44  45  46  47  48  49  50  51  52  53
  55  58  59  57  54  56  60  61  62  63  64  65  66  67  68  69  70  71
  72  73  74  75  76  77  78  79  80  81  82  83  84  85  86  87  88  89
  90  91  92  93  94  95  96  97  98  99 100 101 102 103 104 105 106 107
 108 109 110 111 112 113 114 115 116 117 118 119 120 121 122 123 124 125
 126 127 128 129 130 131 132 133 134 135 136 137 138 139 140 141 142 143
 144 145 146 147 148 149 150 151 152 153 154 155 156 157 158 159 160 161
 162 163 164 165 166 167 168 169 170 171 172 173 174 175 176 177 178 179
 180 181 182 183 184 185 186 187 188 189 190 191 192 193 194 195 196 197
 198 199 200 201 202 203 204 205 206 207 208 209 210 211 212 213 214 215
 216 217 218 219 220 221 222 223 224 225 226 227 228 229 230 231 232 233
 234 235 236 237 238 239 240 241 242 243 244 245 246 247 248 249 250 251
 252 253 254 255 256 257 258 259 260 261 262 263 264 265 266 267 268 269
 270 271 272 273 274 275 276 277 278 279 280 281 282 283 284 285 286 287]
MX.shape = (132, 288)
PUNCTMATX.shape = (132, 267)
PUNCTSTABX.shape = (111, 267)
PUNCTLOGX.shape = (21, 267)
PUNCTSTABZ.shape = (210, 267)
KERZ.shape = (231, 267)
KERX.shape = (57, 267)
REALLOGX len = 21
PUNCTLOGZ len = 21
Low weight logical of weight: 4
gamma = 1.834189254454397
permutation: [ 94  56 286 116 247 121  78  23 254  82 241  33  15  43  95  44  16 158
 218 258 169  47 248 200 280 213 137 154  69 239 107 162   0  50   9 251
 186 282 176 265   8  40 187  55 172  85 105 232 160 274  59  65 230 207
  37  34  19 273   4 141  80  36 228 185 215 226  24 184 124  64 173 131
 138 151 219 149 231  13 287  98 114  90 142 198 109 277 143 224  29 276
 157 103  83  48  81 133 159 135 250 136  77 146  66  93  99 208  67 271
  35 202 113 267 150 120  14 161 127 155 195  25 240 125 197 233 225 139
  18   1  28 156 214 148 260 278 209  62 100 119 279 117 194  11  41 206
 210 253  96 106  73 244 234  39 108 204 179  87 263   3 181  84 110 212
  86 134 246  60 192 111 101  42  72 275  30 283 256 243  92 165 245 217
  71  45 242 182  97 268 118 223  17 178 229 259 196 171  20 261 211  54
 203  38  75 126   5 201  10  32 236 235 188 122 272  89  22  68  51 102
 270 153  27 167 269  12 164 216 183 257 237  63 123 168 191  49 249  70
 266 189 152 166 193  31   2  88 222 174  52 285 264 147 221  61 140 128
 145 163  57  26   6 252 199 104 220  46 180 129  76 115  21 130  91  53
  58 190 112 170 281 175 227 284  79 144 262   7 205 132 177 238  74 255]
K=22
[  0   1   2   3   4   5   6   7   8   9  10  11  12  13  14  15  16  17
  18  19  20  21  22  23  24  25  26  27  28  29  30  31  32  33  34  35
  36  37  38  39  40  41  42  43  44  45  46  47  48  49  50  51  52  53
  54  55  56  57  58  59  60  61  62  63  64  65  66  67  68  69  70  71
  72  73  74  75  76  77  78  79  80  81  82  83  84  85  86  87  88  89
  90  91  92  93  94  95  96  97  98  99 100 101 102 103 104 105 106 107
 108 109 110 111 112 113 114 115 116 117 118 119 120 121 122 123 124 125
 126 127 128 129 130 131 132 133 134 135 136 137 138 139 140 141 142 143
 144 145 146 147 148 149 150 151 152 153 154 155 156 157 158 159 160 161
 162 163 164 165 166 167 168 169 170 171 172 173 174 175 176 177 178 179
 180 181 182 183 184 185 186 187 188 189 190 191 192 193 194 195 196 197
 198 199 200 201 202 203 204 205 206 207 208 209 210 211 212 213 214 215
 216 217 218 219 220 221 222 223 224 225 226 227 228 229 230 231 232 233
 234 235 236 237 238 239 240 241 242 243 244 245 246 247 248 249 250 251
 252 253 254 255 256 257 258 259 260 261 262 263 264 265 266 267 268 269
 270 271 272 273 274 275 276 277 278 279 280 281 282 283 284 285 286 287]
MX.shape = (132, 288)
PUNCTMATX.shape = (132, 266)
PUNCTSTABX.shape = (110, 266)
PUNCTLOGX.shape = (22, 266)
PUNCTSTABZ.shape = (209, 266)
KERZ.shape = (231, 266)
KERX.shape = (57, 266)
REALLOGX len = 22
PUNCTLOGZ len = 22
Low weight logical of weight: 4
gamma = 1.7979254084319465
permutation: [ 60 203 127 267   7 157 206   9 160 104 181 279  88 236 190  62   6 262
 248 223 192 121  66 281  54 100  98 156 144 113   3 259 251 258  16 130
 202 257 274  81 209 136 179  11 211 111  34 272 183  75 245 150 201  53
 129  92 286 110 219  45 246  36 106  22 112 151  58  49 184 167 230 224
 141 199 261  27  38 125 102 142 137 227 247 234 169 283 287 215  71 243
  37 208   1 188  68 270  97 205 185 266 218  83  41 260 171 222 117  42
 114 249 147  24  48   5 123 148 285 118 242 134 244  94 166 214  59  76
   2 178 164  82 198 101  44 265 256  61  31  28 146 240  79  72  46  67
 107  69 108  64 226 116  51 165  17 133 154  39 172 135 277  95 126 216
 213 268  33  10  93  80 152 196 138 228  12 155 187 233 197 140 180 284
  52 264 252 275 124 276 282 103  63  43 229 194 193 253 128 158  29 170
 212  56 168  47 235 149  84  87  35  85  25  74 177 161 105 109 186 145
  21 255  40  99 173  13  23 143 221  15   4 254  91 159  65 191 241 200
 119  77 250 237 280  96   8 175 231  73 232 238 207 278 220 153 239 139
  70 182  30  50 225 263 271  57  55  89 120 189 122   0  26 273  32 174
  18  78  14 132  20 269  19 162 176  86 204 131  90 210 163 217 195 115]
K=23
[  0   1   2   3   4   5   6   7   8   9  10  11  12  13  14  15  16  17
  18  19  20  21  22  23  24  25  26  27  28  29  30  31  32  33  34  35
  36  37  38  39  40  41  42  43  44  45  46  47  48  49  50  51  52  53
  54  55  57  56  58  59  60  61  62  63  64  65  66  67  68  69  70  71
  72  73  74  75  76  77  78  79  80  81  82  83  84  85  86  87  88  89
  90  91  92  93  94  95  96  97  98  99 100 101 102 103 104 105 106 107
 108 109 110 111 112 113 114 115 116 117 118 119 120 121 122 123 124 125
 126 127 128 129 130 131 132 133 134 135 136 137 138 139 140 141 142 143
 144 145 146 147 148 149 150 151 152 153 154 155 156 157 158 159 160 161
 162 163 164 165 166 167 168 169 170 171 172 173 174 175 176 177 178 179
 180 181 182 183 184 185 186 187 188 189 190 191 192 193 194 195 196 197
 198 199 200 201 202 203 204 205 206 207 208 209 210 211 212 213 214 215
 216 217 218 219 220 221 222 223 224 225 226 227 228 229 230 231 232 233
 234 235 236 237 238 239 240 241 242 243 244 245 246 247 248 249 250 251
 252 253 254 255 256 257 258 259 260 261 262 263 264 265 266 267 268 269
 270 271 272 273 274 275 276 277 278 279 280 281 282 283 284 285 286 287]
MX.shape = (132, 288)
PUNCTMATX.shape = (132, 265)
PUNCTSTABX.shape = (109, 265)
PUNCTLOGX.shape = (23, 265)
PUNCTSTABZ.shape = (208, 265)
KERZ.shape = (231, 265)
KERX.shape = (57, 265)
REALLOGX len = 23
PUNCTLOGZ len = 23
Low weight logical of weight: 4
gamma = 1.7631432966967742
permutation: [137 141 278 256 234 223 202 150 196  32  13 210  58 169  10 212 197 158
 270 108 281  49 274  50 237  99 159 190 265 112 269  87  89  22   6  55
 188 194 174  90  57 282 224  48  23  19  43 113 143 155 136 276  61 244
 156 255 259 102 142  15  70 107 144 219  64 222 168 275 163  98 173 193
 280  68 177  60   9 279  78 176 166  79 205 181 161  85 287 165  21 116
 230 172  73  14  96 180  86 267 114  80 201 182 285 101 124 258 207 253
  59   7 208 149 115 162 273 200 179  29 104 264  51 148 257 184 218  65
 238 130  95 133 145 167  83   5 151 125 241 171  84 225  27  67 204 242
  42   1  63   8 187 117 134 260 132 199 139   2 245 206 154  92 127   0
  46 164  37 128  71  26  75 284 248 153 138  38 251  12  30  94  52  74
 215 185  39  66 246 175 147   3 217  17  72 262  88 118  97 247 266  91
  54  11 121 183 216  35 105  33 243 191 152 100  45 211 213 271   4 131
 123 277 140 135 220 214 126 252 221  20  56  77 109  93  47 226 160 233
  76 286 198 186 120  53  40 111  18 268  28 229 209 227  69 129 106 178
 103 231  31 249 170  25  36 239 283  34  41 235 195 203 232 254 189  24
 250 228  16  62 263  81 122 157  44  82 236 146 240 192 261 272 110 119]
K=38
[  0   1   2   3   4   5   6   7   8   9  10  11  12  13  14  15  16  17
  18  19  20  21  22  23  24  25  26  27  28  29  30  31  32  33  34  35
  36  37  38  39  40  41  42  43  44  45  46  47  48  49  50  51  52  53
  54  55  56  57  58  59  60  61  62  63  64  65  66  67  68  69  70  71
  72  73  74  75  76  77  78  79  80  81  82  83  84  85  86  87  88  89
  90  91  92  93  94  95  96  97  98  99 100 101 102 103 104 105 106 107
 108 109 110 111 112 113 114 115 116 117 118 119 120 121 122 123 124 125
 126 127 128 129 130 131 132 133 134 135 136 137 138 139 140 141 142 143
 144 145 146 147 148 149 150 151 152 153 154 155 156 157 158 159 160 161
 162 163 164 165 166 167 168 169 170 171 172 173 174 175 176 177 178 179
 180 181 182 183 184 185 186 187 188 189 190 191 192 193 194 195 196 197
 198 199 200 201 202 203 204 205 206 207 208 209 210 211 212 213 214 215
 216 217 218 219 220 221 222 223 224 225 226 227 228 229 230 231 232 233
 234 235 236 237 238 239 240 241 242 243 244 245 246 247 248 249 250 251
 252 253 254 255 256 257 258 259 260 261 262 263 264 265 266 267 268 269
 270 271 272 273 274 275 276 277 278 279 280 281 282 283 284 285 286 287]
MX.shape = (132, 288)
PUNCTMATX.shape = (132, 250)
PUNCTSTABX.shape = (94, 250)
PUNCTLOGX.shape = (38, 250)
PUNCTSTABZ.shape = (193, 250)
KERZ.shape = (231, 250)
KERX.shape = (57, 250)
REALLOGX len = 38
PUNCTLOGZ len = 38
Low weight logical of weight: 3
gamma = 1.714776702907406
permutation: [234 275 276 119 244 211 118 163  16 283  51  70 182  11 141 215  78 278
  31 162 197 222  96  77  50  47 216 170  29  21 165 104 129  35 223 203
 200 195 145 210 206  71 207 273 188 271 263  61 103  64 130 172   0 151
  60 180  22 123 239 114 179  12  44 111 218   6 227 189 120 249   3 225
  68   7  27  20 242 204 176 281 109 102  30  75 177 264 139  62 128 231
 184  54 147 105 284 190 194 209  99 157  74 117  52 253  83 277 260  63
  15 193 121  89 122  39   8 186 266 142   2 135 224 192  46  85 156  73
  93 241 196 279 217 272  84  91  69 158 178 167 153 173 208 245  13 220
 270 101 199 269  55 250 256 221  19   5 168   1 252  38 214 108 125  42
 148 169  25 248 132  65  58  10  86 100  57 205  34 127  92 287 240 254
  53  43  66  41 144 171  24  88 133 187 191 112 110  18 201  28 134 155
  32 219  67 228  26  95  59  98 124 282 138 212 229 150 140 136 146  80
 160  76 159 286 202 113  48 232 267  36 226 235 106 143 243 238 285 181
 257   9 236 131  49 265 198  97  87 126 154 174  45 262 251 237  94 161
 164 107 175 137   4 268  82  33 185 116  90 115 152 259 213  40 258 255
 230  79 149 233  14 166  23  72 261 183  81 246  17  56 280 247  37 274]
K=25
[  0   1   2   3   4   5   6   7   8   9  10  11  12  13  14  15  16  17
  18  19  20  21  22  23  24  25  26  27  28  29  30  31  32  33  34  35
  36  37  38  39  40  41  42  43  44  45  46  47  48  49  50  51  52  53
  54  57  59  55  58  56  60  61  62  63  64  65  66  67  68  69  70  71
  72  73  74  75  76  77  78  79  80  81  82  83  84  85  86  87  88  89
  90  91  92  93  94  95  96  97  98  99 100 101 102 103 104 105 106 107
 108 109 110 111 112 113 114 115 116 117 118 119 120 121 122 123 124 125
 126 127 128 129 130 131 132 133 134 135 136 137 138 139 140 141 142 143
 144 145 146 147 148 149 150 151 152 153 154 155 156 157 158 159 160 161
 162 163 164 165 166 167 168 169 170 171 172 173 174 175 176 177 178 179
 180 181 182 183 184 185 186 187 188 189 190 191 192 193 194 195 196 197
 198 199 200 201 202 203 204 205 206 207 208 209 210 211 212 213 214 215
 216 217 218 219 220 221 222 223 224 225 226 227 228 229 230 231 232 233
 234 235 236 237 238 239 240 241 242 243 244 245 246 247 248 249 250 251
 252 253 254 255 256 257 258 259 260 261 262 263 264 265 266 267 268 269
 270 271 272 273 274 275 276 277 278 279 280 281 282 283 284 285 286 287]
MX.shape = (132, 288)
PUNCTMATX.shape = (132, 263)
PUNCTSTABX.shape = (107, 263)
PUNCTLOGX.shape = (25, 263)
PUNCTSTABZ.shape = (206, 263)
KERZ.shape = (231, 263)
KERX.shape = (57, 263)
REALLOGX len = 25
PUNCTLOGZ len = 25
Low weight logical of weight: 4
gamma = 1.6975313997587889
permutation: [  9  14  94 107 105 155 135 237  87   5 278 280  28 136 260  37 282 189
  50  78  61 132 201  77 182 145 150  97 264  21 265 198 195  43  23 146
 249   8 267  45 188 123 212  41 154 207 261 106 241 170  51  22 163 130
 277  66 263   6 113  96  34 238 144 116 167  91 208 192 266  47 257 232
  84 259  72  89  18 178 181 139  13 114  12 184 270 274 234 203 284 151
 164 165 209  65  69 275 254 281  46  58 213 156 180 200  93 172 220 162
  88 140  52  38 147 179 118  39  53 204  25 197  10  79 190 137 129 176
 173  33 134 194 128 108 253  31 112  57 111 262 175 258  29 193 233  44
 171 185  17 124 168  70 268 186 251 133 174 276 127 126  86 248  11 216
 152 252 273 250 230   0  99  95 279 247 110 122  30  32  20 256 245  15
 104  92 120  56 218  26  67  71  83 143 159 210 169 103  90 224 286 287
  81 177  16  80 225 100  60 117 242 246 217  42  48 191  36 119 214 160
 166 272  85 243 142  59 222  68 223 153   2  98 211 244 231 202 228 199
  54  74 148 158 141  73 101  55  19 269 102  75  64  49 183 161  27 283
  40  76 149 121 206 187 229 239 196  63 109   7 236 219 125  62  24 221
 115 227 157 215 285  35 240 271  82   3 255   4 205 138 131 235   1 226]
K=26
[  0   1   2   3   4   5   6   7   8   9  10  11  12  13  14  15  16  17
  18  19  20  21  22  23  24  25  26  27  28  29  30  31  32  33  34  35
  36  37  38  39  40  41  42  43  44  45  46  47  48  49  50  51  52  53
  54  55  56  57  58  59  60  61  62  63  64  65  66  67  68  69  70  71
  72  73  74  75  76  77  78  79  80  81  82  83  84  85  86  87  88  89
  90  91  92  93  94  95  96  97  98  99 100 101 102 103 104 105 106 107
 108 109 110 111 112 113 114 115 116 117 118 119 120 121 122 123 124 125
 126 127 128 129 130 131 132 133 134 135 136 137 138 139 140 141 142 143
 144 145 146 147 148 149 150 151 152 153 154 155 156 157 158 159 160 161
 162 163 164 165 166 167 168 169 170 171 172 173 174 175 176 177 178 179
 180 181 182 183 184 185 186 187 188 189 190 191 192 193 194 195 196 197
 198 199 200 201 202 203 204 205 206 207 208 209 210 211 212 213 214 215
 216 217 218 219 220 221 222 223 224 225 226 227 228 229 230 231 232 233
 234 235 236 237 238 239 240 241 242 243 244 245 246 247 248 249 250 251
 252 253 254 255 256 257 258 259 260 261 262 263 264 265 266 267 268 269
 270 271 272 273 274 275 276 277 278 279 280 281 282 283 284 285 286 287]
MX.shape = (132, 288)
PUNCTMATX.shape = (132, 262)
PUNCTSTABX.shape = (106, 262)
PUNCTLOGX.shape = (26, 262)
PUNCTSTABZ.shape = (205, 262)
KERZ.shape = (231, 262)
KERX.shape = (57, 262)
REALLOGX len = 26
PUNCTLOGZ len = 26
Low weight logical of weight: 4
gamma = 1.6664916416981792
